  2.4970216e-001  9.9999998e+001
  3.0501207e-001  8.2475623e+001
  3.7257332e-001  6.8107697e+001
  4.5509962e-001  5.6323548e+001
  5.5590579e-001  4.6654437e+001
  6.7904088e-001  3.8716709e+001
  8.2945083e-001  3.2196364e+001
  1.0131771e+000  2.6836423e+001
  1.2375994e+000  2.2426580e+001
  1.5117320e+000  1.8794741e+001
  1.8465860e+000  1.5800085e+001
  2.2556113e+000  1.3327391e+001
  2.7552372e+000  1.1282390e+001
  3.3655319e+000  9.5879630e+000
  4.1110091e+000  8.1810223e+000
  5.0216121e+000  7.0099646e+000
  6.1339169e+000  6.0325822e+000
  7.4926011e+000  5.2143542e+000
  9.1522387e+000  4.5270476e+000
  1.1179492e+001  3.9475719e+000
  1.3655789e+001  3.4570418e+000
  1.6680594e+001  3.0400098e+000
  2.0375404e+001  2.7025664e+000
  2.4888628e+001  2.3803174e+000
  3.0401547e+001  2.1045440e+000
  3.7135597e+001  1.8676710e+000
  4.5361262e+001  1.6634358e+000
  5.5408942e+001  1.4866550e+000
  6.7682217e+001  1.3330330e+000
  8.2674067e+001  1.1990044e+000
  1.0098666e+002  1.0816050e+000
  1.2335557e+002  9.7836637e-001
  1.5067926e+002  8.8722856e-001
  1.8405525e+002  8.0646903e-001
  2.2482413e+002  7.3464399e-001
  2.7462347e+002  6.7372474e-001
  3.3545353e+002  6.2806424e-001
  4.0975768e+002  5.8867886e-001
  5.0052044e+002  5.5476060e-001
  6.1138749e+002  5.2563657e-001
  7.4681197e+002  5.0074697e-001
  9.1223345e+002  4.7962729e-001
  1.1142964e+003  4.6189391e-001
  1.3611170e+003  4.4723253e-001
  1.6626092e+003  4.3374404e-001
  2.0308829e+003  4.2016134e-001
  2.4807307e+003  4.0858403e-001
  3.0302212e+003  3.9924764e-001
  3.7014259e+003  3.9238463e-001
  4.5213048e+003  3.8824262e-001
  5.5227898e+003  3.8710518e-001
  6.7461072e+003  3.8931603e-001
  8.2403937e+003  3.9530842e-001
  1.0065670e+004  4.0564234e-001
  1.2295251e+004  4.2004148e-001
  1.5018693e+004  4.2949686e-001
  1.8345386e+004  4.3819493e-001
  2.2408954e+004  4.4608156e-001
  2.7372616e+004  4.5310696e-001
  3.3435747e+004  4.5922630e-001
  4.0841883e+004  4.6440012e-001
  4.9888504e+004  4.7408927e-001
  6.0938983e+004  4.8510918e-001
  7.4437183e+004  4.9372393e-001
  9.0925281e+004  4.9979764e-001
  1.1106555e+005  5.0323350e-001
  1.3566696e+005  5.0397641e-001
  1.6571767e+005  5.0201444e-001
  2.0242472e+005  4.9737909e-001
  2.4726251e+005  4.9014454e-001
  3.0203203e+005  4.8042560e-001
  3.6893319e+005  2.7517708e-001
  4.5065319e+005  7.5384245e-002
  5.5047445e+005  8.4073717e-002
  6.7240649e+005  9.2763189e-002
  8.2134689e+005  1.0145266e-001
  1.0032781e+006  1.1026139e-001
  1.2255078e+006  1.2472094e-001
  1.4969621e+006  1.3655843e-001
  1.8285444e+006  1.4624935e-001
  2.2335735e+006  1.5418296e-001
  2.7283178e+006  1.6067790e-001
  3.3326499e+006  1.6599508e-001
  4.0708436e+006  1.7034805e-001
  4.9725497e+006  1.7391167e-001
  6.0739870e+006  1.7682908e-001
  7.4193966e+006  1.7921745e-001
  9.0628191e+006  1.8117272e-001
  1.1070265e+007  1.8277343e-001
  1.3522368e+007  1.8408388e-001
  1.6517620e+007  1.8515669e-001
  2.0176332e+007  1.8603496e-001
  2.4645460e+007  1.8675397e-001
  3.0104516e+007  1.8734259e-001
  3.6772773e+007  1.8782448e-001
  4.4918072e+007  1.8821898e-001
  5.4867583e+007  1.8854194e-001
  6.7020946e+007  1.8880634e-001
  8.1866321e+007  1.8902280e-001
  1.0000000e+008  1.8920000e-001
